1.e-6	-1.6453163567312992e-12	2.6325061707700787e-11
0.0009168656702453935	8.626756190352467e-15	1.5316275902871397e-14
0.0018327313404907868	3.4475600921593895e-14	6.121299363633178e-14
0.0027485970107361804	7.754144001760442e-14	1.376981999472886e-13
0.003664462680981574	1.37825244055184e-13	2.4475636089849814e-13
0.0045803283512269675	2.1532500882225455e-13	3.8240140799327306e-13
0.005496194021472361	3.1003988427548917e-13	5.506365250431514e-13
0.006412059691717755	4.2196786118395483e-13	7.494689311028081e-13
0.007327925361963148	5.511068439906171e-13	9.789062861755976e-13
0.00824379103220854	6.974543085099156e-13	1.238955383392359e-12
0.009159656702453934	8.610074301227981e-13	1.529627004995129e-12
0.010075522372699328	1.0417630979529963e-12	1.850930517872143e-12
0.01099138804294472	1.2397177493100118e-12	2.202878777075004e-12
0.011907253713190114	1.4548675861313243e-12	2.5854844373032022e-12
0.012823119383435508	1.687208412770102e-12	2.998761824908009e-12
0.0137389850536809	1.936735826200354e-12	3.4427249077595266e-12
0.014654850723926294	2.2034449420465293e-12	3.917391055316772e-12
0.015570716394171688	2.4873306319212137e-12	4.4227770983543846e-12
0.016486582064417082	2.7883874112442434e-12	4.958901750648361e-12
0.017402447734662478	3.10660946191396e-12	5.525784318176985e-12
0.01831831340490787	3.4419906391278877e-12	6.123445640646434e-12
0.019234179075153263	3.7945244697202055e-12	6.751907342670706e-12
0.02015004474539866	4.164204134331613e-12	7.411192649082832e-12
0.02106591041564405	4.551022503603703e-12	8.101325341558602e-12
0.021981776085889443	4.954972097223422e-12	8.822330648714614e-12
0.02289764175613484	5.376045111751399e-12	9.574234902933361e-12
0.02381350742638023	5.814233418644447e-12	1.0357065359294908e-11
0.024729373096625623	6.2695285504534555e-12	1.1170850524998734e-11
0.02564523876687102	6.741921708243033e-12	1.2015620010200272e-11
0.02656110443711641	7.231403771095771e-12	1.2891404497815167e-11
0.027476970107361803	7.73796527795264e-12	1.379823576831026e-11
0.0283928357776072	8.261596444884335e-12	1.473614678866525e-11
0.02930870144785259	8.802287153346395e-12	1.570517152192024e-11
0.030224567118097984	9.360026956809199e-12	1.6705345207459435e-11
0.03114043278834338	9.934805080475899e-12	1.773670392329052e-11
0.032056298458588775	1.0526610411266694e-11	1.8799285094836228e-11
0.032972164128834164	1.11354315227873e-11	1.9893127101570093e-11
0.03388802979907956	1.1761256643013313e-11	2.1018269551305524e-11
0.034803895469324955	1.240407368114888e-11	2.217475301546154e-11
0.035719761139570344	1.3063870212529324e-11	2.3362619310364286e-11
0.03663562680981574	1.3740633487763884e-11	2.4581911207493027e-11
0.037551492480061135	1.443435042226501e-11	2.583267270237856e-11
0.038467358150306524	1.5145007609390588e-11	2.7114948758697148e-11
0.03938322382055192	1.587259131435222e-11	2.842878556295187e-11
0.040299089490797316	1.6617087474102324e-11	2.977423030637105e-11
0.041214955161042705	1.7378481692571713e-11	3.1151331308936594e-11
0.0421308208312881	1.8156759256070766e-11	3.256013796680362e-11
0.043046686501533496	1.8951905114823297e-11	3.4000700775407484e-11
0.043962552171778885	1.9763903893434405e-11	3.54730713449507e-11
0.04487841784202428	2.0592739898385187e-11	3.6977302317411184e-11
0.045794283512269676	2.1438397101198208e-11	3.851344743015259e-11
0.046710149182515065	2.2300859149514677e-11	4.008156156981777e-11
0.04762601485276046	2.3180109364701518e-11	4.168170061736782e-11
0.048541880523005856	2.407613074471467e-11	4.3313921597057685e-11
0.049457746193251245	2.498890595995456e-11	4.497828258776226e-11
0.05037361186349664	2.5918417357304856e-11	4.667484274732867e-11
0.05128947753374204	2.6864646958745044e-11	4.840366233327774e-11
0.052205343203987425	2.782757646091505e-11	5.016480262466892e-11
0.05312120887423282	2.8807187238213205e-11	5.195832603512098e-11
0.05403707454447822	2.980346033947506e-11	5.378429599366754e-11
0.054952940214723606	3.0816376489609114e-11	5.564277705917348e-11
0.055868805884969	3.184591609257727e-11	5.7533834801282276e-11
0.0567846715552144	3.289205922867012e-11	5.945753587153114e-11
0.057700537225459786	3.3954785654912546e-11	6.141394801930838e-11
0.05861640289570518	3.5034074806233246e-11	6.340314002650045e-11
0.05953226856595058	3.6129905797092653e-11	6.542518171853971e-11
0.060448134236195966	3.7242257417650745e-11	6.748014402257716e-11
0.06136399990644136	3.83711081406332e-11	6.956809889515189e-11
0.06227986557668676	3.951643611451158e-11	7.168911934643186e-11
0.06319573124693215	4.067821916975843e-11	7.384327944814149e-11
0.06411159691717755	4.185643481516585e-11	7.603065431885364e-11
0.06502746258742294	4.305106024022008e-11	7.825132014291109e-11
0.06594332825766833	4.4262072316836785e-11	8.050535411983174e-11
0.06685919392791373	4.548944759457573e-11	8.279283450616708e-11
0.06777505959815912	4.673316230884005e-11	8.511384059160813e-11
0.0686909252684045	4.799319237269254e-11	8.746845273833102e-11
0.06960679093864991	4.926951338374754e-11	8.985675231363664e-11
0.0705226566088953	5.056210062136818e-11	9.227882172142658e-11
0.07143852227914069	5.1870929048335715e-11	9.473474441847909e-11
0.07235438794938609	5.319597331190346e-11	9.722460487375887e-11
0.07327025361963148	5.453720773941025e-11	9.974848860633291e-11
0.07418611928987687	5.589460634772546e-11	1.0230648213278699e-10
0.07510198496012227	5.726814283376457e-11	1.0489867301956844e-10
0.07601785063036766	5.865779058326064e-11	1.0752514983265115e-10
0.07693371630061305	6.006352266467973e-11	1.1018600218430312e-10
0.07784958197085845	6.148531183314844e-11	1.1288132067415264e-10
0.07876544764110384	6.292313053166244e-11	1.1561119693068441e-10
0.07968131331134923	6.437695088935947e-11	1.1837572360194476e-10
0.08059717898159463	6.584674472186356e-11	1.2117499432163792e-10
0.08151304465184002	6.733248353391646e-11	1.240091037463915e-10
0.08242891032208541	6.883413851834686e-11	1.2687814752728548e-10
0.08334477599233081	7.035168055861007e-11	1.2978222229300295e-10
0.0842606416625762	7.188508022345403e-11	1.327214257282326e-10
0.08517650733282159	7.343430777255584e-11	1.356958564885517e-10
0.08609237300306699	7.499933315715695e-11	1.3870561420891136e-10
0.08700823867331238	7.65801260184563e-11	1.417507995237689e-10
0.08792410434355777	7.817665568958916e-11	1.4483151404666608e-10
0.08883997001380317	7.978889119483879e-11	1.479478603768114e-10
0.08975583568404856	8.14168012521409e-11	1.5109994209692464e-10
0.09067170135429395	8.306035427120327e-11	1.5428786376131644e-10
0.09158756702453935	8.471951835539682e-11	1.5751173090370887e-10
0.09250343269478474	8.63942612955487e-11	1.6077165009915713e-10
0.09341929836503013	8.808455059060378e-11	1.6406772873958626e-10
0.09433516403527553	8.979035342889506e-11	1.674000752367477e-10
0.09525102970552092	9.151163669225429e-11	1.7076879900545451e-10
0.09616689537576631	9.32483669602415e-11	1.7417401038177573e-10
0.09708276104601171	9.500051050786932e-11	1.7761582068114487e-10
0.0979986267162571	9.676803330806805e-11	1.8109434217424914e-10
0.09891449238650249	9.855090102991259e-11	1.8460968807513687e-10
0.09983035805674789	1.0034907904246642e-10	1.8816197254958873e-10
0.10074622372699328	1.0216253241234499e-10	1.9175131071279128e-10
0.10166208939723867	1.039912259090864e-10	1.953778185714282e-10
0.10257795506748407	1.0583512399515431e-10	1.9904161317560606e-10
0.10349382073772946	1.0769419083661712e-10	2.0274281245507167e-10
0.10440968640797485	1.0956839030133851e-10	2.0648153527048168e-10
0.10532555207822025	1.1145768595760727e-10	2.1025790142533852e-10
0.10624141774846564	1.1336204107742733e-10	2.1407203163077333e-10
0.10715728341871103	1.1528141863507528e-10	2.1792404753710944e-10
0.10807314908895643	1.172157813084285e-10	2.2181407169525974e-10
0.10898901475920182	1.1916509147955427e-10	2.2574222758818902e-10
0.10990488042944721	1.2112931123501687e-10	2.297086396021224e-10
0.11082074609969261	1.2310840237286482e-10	2.3371343295878813e-10
0.111736611769938	1.2510232638544804e-10	2.377567339372991e-10
0.11265247744018339	1.2711104447792213e-10	2.4183866963241085e-10
0.1135683431104288	1.2913451756291687e-10	2.4595936803704864e-10
0.11448420878067418	1.3117270626080374e-10	2.501189580426263e-10
0.11540007445091957	1.3322557090101388e-10	2.543175694237287e-10
0.11631594012116497	1.352930715233166e-10	2.5855533283418983e-10
0.11723180579141036	1.3737516787628193e-10	2.628323798116674e-10
0.11814767146165575	1.3947181942113242e-10	2.6714884276786193e-10
0.11906353713190115	1.415829853295574e-10	2.7150485498076775e-10
0.11997940280214654	1.4370862447423003e-10	2.7590055074494296e-10
0.12089526847239193	1.4584869546590025e-10	2.8033606491016827e-10
0.12181113414263733	1.480031566163222e-10	2.848115333357181e-10
0.12272699981288272	1.5017196595212407e-10	2.893270927375517e-10
0.12364286548312811	1.5235508121480904e-10	2.9388288069267663e-10
0.12455873115337351	1.5455245986113853e-10	2.984790356117283e-10
0.12547459682361892	1.567640590646763e-10	3.0311569676504397e-10
0.1263904624938643	1.5898983571593126e-10	3.077930042567173e-10
0.1273063281641097	1.6122974642367645e-10	3.125110990222122e-10
0.1282221938343551	1.6348374751445763e-10	3.172701228481531e-10
0.12913805950460047	1.6575179507311132e-10	3.220702178698912e-10
0.13005392517484587	1.680338448225707e-10	3.269115280407705e-10
0.13096979084509128	1.703298522484436e-10	3.317941976338037e-10
0.13188565651533665	1.726397725567552e-10	3.36718371739629e-10
0.13280152218558205	1.7496356067817356e-10	3.4168419624647244e-10
0.13371738785582746	1.7730117126602866e-10	3.466918178415817e-10
0.13463325352607283	1.7965255869949697e-10	3.517413840064417e-10
0.13554911919631824	1.8201767708228333e-10	3.5683304301203215e-10
0.13646498486656364	1.8439648024487363e-10	3.61966943904339e-10
0.137380850536809	1.8678892174488708e-10	3.6714323651789945e-10
0.13829671620705442	1.8919495476571416e-10	3.7236207268868923e-10
0.13921258187729982	1.916145324373395e-10	3.7762360239374395e-10
0.1401284475475452	1.9404760751026943e-10	3.8292797769029986e-10
0.1410443132177906	1.964941324633646e-10	3.882753514171497e-10
0.141960178888036	1.989540595048761e-10	3.936658771925607e-10
0.14287604455828137	2.0142734057316496e-10	3.9909970941060295e-10
0.14379191022852678	2.039139273361831e-10	4.0457700324190377e-10
0.14470777589877218	2.0641377119334587e-10	4.1009791463190936e-10
0.14562364156901755	2.0892682327635774e-10	4.1566260029150774e-10
0.14653950723926296	2.1145303444845042e-10	4.212712177002671e-10
0.14745537290950836	2.1399235544888424e-10	4.2692392338062026e-10
0.14837123857975373	2.165447364466438e-10	4.326208782875602e-10
0.14928710424999914	2.1911012749870743e-10	4.3836224228132114e-10
0.15020296992024454	2.2168847839869384e-10	4.441481759558227e-10
0.15111883559048991	2.242797386804317e-10	4.499788406118555e-10
0.15203470126073532	2.2688385761724005e-10	4.558543982548663e-10
0.15295056693098072	2.2950078422452584e-10	4.6177501159052106e-10
0.1538664326012261	2.321304672603346e-10	4.677408439997359e-10
0.1547822982714715	2.3477285522652745e-10	4.737520595511922e-10
0.1556981639417169	2.3742789637055774e-10	4.798088229717174e-10
0.15661402961196227	2.400955386166121e-10	4.859113004894762e-10
0.15752989528220768	2.4277572978287503e-10	4.920596572164991e-10
0.15844576095245308	2.4546841736233653e-10	4.982540597925299e-10
0.15936162662269845	2.4817354859629547e-10	5.044946755172244e-10
0.16027749229294386	2.508910704753584e-10	5.10781672337229e-10
0.16119335796318926	2.536209297398503e-10	5.171152188404669e-10
0.16210922363343463	2.56363072880863e-10	5.23495484261839e-10
0.16302508930368004	2.591174461411406e-10	5.299226384711405e-10
0.16394095497392544	2.6188399551565797e-10	5.363968519704404e-10
0.16485682064417082	2.646626667525728e-10	5.42918295893096e-10
0.16577268631441622	2.6745340527409773e-10	5.49487142966521e-10
0.16668855198466162	2.702561564274643e-10	5.561035644780366e-10
0.167604417654907	2.730708652300742e-10	5.627677333655627e-10
0.1685202833251524	2.758974764543839e-10	5.694798232041566e-10
0.1694361489953978	2.787359346287731e-10	5.76240008189872e-10
0.17035201466564318	2.8158618403806977e-10	5.830484631475324e-10
0.17126788033588858	2.8444816872405204e-10	5.899053635276747e-10
0.17218374600613398	2.8732183248670306e-10	5.968108853999367e-10
0.17309961167637936	2.902071188845634e-10	6.037652054526951e-10
0.17401547734662476	2.9310397123607243e-10	6.107685009839524e-10
0.17493134301687016	2.960123327562588e-10	6.178209482515868e-10
0.17584720868711554	2.989321461306852e-10	6.249227276421643e-10
0.17676307435736094	3.018633539536441e-10	6.32074018369716e-10
0.17767894002760634	3.0480589858543284e-10	6.392750002094663e-10
0.17859480569785172	3.0775972215337946e-10	6.465258534936079e-10
0.17951067136809712	3.107247665527859e-10	6.538267591030523e-10
0.18042653703834252	3.1370097344894506e-10	6.611778984502526e-10
0.1813424027085879	3.166882842783409e-10	6.685794534751693e-10
0.1822582683788333	3.196866402498088e-10	6.760316066333566e-10
0.1831741340490787	3.226959823461969e-10	6.83534540882214e-10
0.18408999971932408	3.2571625128760835e-10	6.910884401403426e-10
0.18500586538956948	3.287473876509929e-10	6.986934878319109e-10
0.18592173105981488	3.3178933175146997e-10	7.063498683485759e-10
0.18683759673006026	3.3484202368079357e-10	7.140577665738235e-10
0.18775346240030566	3.379054033098738e-10	7.21817367860137e-10
0.18866932807055106	3.4097941029092237e-10	7.296288580247619e-10
0.18958519374079644	3.440639840573475e-10	7.374924233444858e-10
0.19050105941104184	3.471590638253775e-10	7.454082505473381e-10
0.19141692508128724	3.50264588594697e-10	7.533765268138599e-10
0.19233279075153262	3.5338049714965496e-10	7.613974397632541e-10
0.19324865642177802	3.565067280160584e-10	7.694711779936085e-10
0.19416452209202342	3.596432196012005e-10	7.775979293772366e-10
0.1950803877622688	3.6278991005095594e-10	7.857778828059201e-10
0.1959962534325142	3.659467373022359e-10	7.940112275769748e-10
0.1969121191027596	3.691136390802763e-10	8.022981534157327e-10
0.19782798477300498	3.722905528995034e-10	8.106388504769462e-10
0.19874385044325038	3.754774160651466e-10	8.190335093293881e-10
0.19965971611349578	3.7867416567427875e-10	8.274823209562567e-10
0.20057558178374116	3.818807386164647e-10	8.359854767504659e-10
0.20149144745398656	3.850970715748353e-10	8.445431685100832e-10
0.20240731312423196	3.883231008917398e-10	8.531555900804279e-10
0.20332317879447734	3.915587629949872e-10	8.618229321751961e-10
0.20423904446472274	3.9480399396385344e-10	8.70545387665013e-10
0.20515491013496814	3.980587296702118e-10	8.79323149854757e-10
0.20607077580521352	4.013229057844609e-10	8.881564124404837e-10
0.20698664147545892	4.0459645777396973e-10	8.970453695211078e-10
0.20790250714570432	4.0787932090483236e-10	9.059902155969287e-10
0.2088183728159497	4.1117143024212724e-10	9.149911455579466e-10
0.2097342384861951	4.144727206521227e-10	9.240483546824225e-10
0.2106501041564405	4.177831268032662e-10	9.331620386162272e-10
0.21156596982668588	4.2110258379445205e-10	9.423323857129732e-10
0.21248183549693128	4.2443102518714286e-10	9.51559601076417e-10
0.21339770116717668	4.27768385027689e-10	9.608438818856238e-10
0.21431356683742206	4.3111459717800225e-10	9.701854255530105e-10
0.21522943250766746	4.344695953204935e-10	9.795844296806333e-10
0.21614529817791286	4.3783331296111767e-10	9.890410920319225e-10
0.21706116384815824	4.4120568343164005e-10	9.985556105061553e-10
0.21797702951840364	4.445866398925259e-10	1.0081281831188267e-9
0.21889289518864904	4.479761153342313e-10	1.0177590079867178e-9
0.21980876085889442	4.513740425796411e-10	1.0274482833154009e-9
0.22072462652913982	4.5478035307242834e-10	1.037196222227783e-9
0.22164049219938523	4.5819498067966836e-10	1.0470030062205468e-9
0.2225563578696306	4.61617857802737e-10	1.0568688327913196e-9
0.223472223539876	4.6504891666127055e-10	1.0667938997191664e-9
0.2243880892101214	4.684880892914064e-10	1.076778405103366e-9
0.22530395488036678	4.719353075437149e-10	1.0868225473906573e-9
0.22621982055061218	4.753905030822093e-10	1.0969265253967119e-9
0.22713568622085759	4.788536073835256e-10	1.107090538328331e-9
0.22805155189110296	4.823245517332051e-10	1.117314785819032e-9
0.22896741756134836	4.85803267237538e-10	1.1275994678350916e-9
0.22988328323159377	4.892896864175566e-10	1.1379447650939104e-9
0.23079914890183914	4.927837381750109e-10	1.1483509008213483e-9
0.23171501457208454	4.962853529537883e-10	1.1588180774683545e-9
0.23263088024232995	4.99794461038718e-10	1.1693464975786139e-9
0.23354674591257532	5.033109925607768e-10	1.1799363637296255e-9
0.23446261158282072	5.068348775023062e-10	1.1905878784830961e-9
0.23537847725306613	5.103660457039044e-10	1.2013012443114967e-9
0.2362943429233115	5.139044268621163e-10	1.2120766636116373e-9
0.2372102085935569	5.174499505375259e-10	1.2229143386321483e-9
0.2381260742638023	5.210025461567909e-10	1.2338144714582402e-9
0.23904193993404768	5.245621413540738e-10	1.2447772844063072e-9
0.23995780560429308	5.281286671902204e-10	1.2558029558795506e-9
0.2408736712745385	5.317020528099341e-10	1.2668916860378103e-9
0.24178953694478386	5.352822272072602e-10	1.2780436751103167e-9
0.24270540261502926	5.388691192222497e-10	1.289259123446992e-9
0.24362126828527467	5.42462657540719e-10	1.3005382315329341e-9
0.24453713395552004	5.460627706906941e-10	1.3118812000385528e-9
0.24545299962576544	5.496693870411612e-10	1.3232882298425715e-9
0.24636886529601085	5.532824348010813e-10	1.3347595220520655e-9
0.24728473096625622	5.569018420207405e-10	1.3462952779994805e-9
0.24820059663650162	5.605275379318851e-10	1.3578956827363997e-9
0.24911646230674703	5.641594487355234e-10	1.369560956930199e-9
0.2500323279769924	5.677975019176827e-10	1.3812913037190134e-9
0.2509481936472378	5.714416248301095e-10	1.3930869262080003e-9
0.2518640593174832	5.750917446903782e-10	1.4049480274666904e-9
0.25277992498772855	5.787477885874846e-10	1.4168748104700268e-9
0.253695790657974	5.824096834855016e-10	1.428867478060099e-9
0.25461165632821936	5.86077356228009e-10	1.4409262329075405e-9
0.25552752199846474	5.897507335409392e-10	1.4530512774772137e-9
0.25644338766871017	5.934297420356745e-10	1.4652428140068442e-9
0.25735925333895554	5.971143074604966e-10	1.4775010537527413e-9
0.2582751190092009	6.008043570601787e-10	1.4898261878622146e-9
0.25919098467944635	6.044998171645557e-10	1.5022184171602997e-9
0.2601068503496917	6.08200613987319e-10	1.5146779422966849e-9
0.2610227160199371	6.11906673625881e-10	1.5272049637537496e-9
0.2619385816901825	6.156179220619498e-10	1.5397996818533007e-9
0.2628544473604279	6.193342851617302e-10	1.5524622967595273e-9
0.2637703130306733	6.230556886781949e-10	1.5651930084694644e-9
0.2646861787009187	6.267820582444972e-10	1.5779920168750516e-9
0.2656020443711641	6.30513319382931e-10	1.5908595216930679e-9
0.26651791004140946	6.342493977358223e-10	1.6037957196063689e-9
0.2674337757116549	6.379902183345718e-10	1.6168008133204696e-9
0.26834964138190026	6.417357063507447e-10	1.6298750022777572e-9
0.26926550705214564	6.454857868494271e-10	1.6430184857196194e-9
0.27018137272239107	6.492403847834316e-10	1.656231462735682e-9
0.27109723839263644	6.529994250190047e-10	1.6695141320537043e-9
0.2720131040628818	6.567628323138325e-10	1.6828666922250955e-9
0.27292896973312725	6.605305313247888e-10	1.6962893415612222e-9
0.2738448354033726	6.643024466103628e-10	1.7097822781181408e-9
0.274760701073618	6.680785026321105e-10	1.723345699685859e-9
0.2756765667438634	6.718586236997247e-10	1.736979804480166e-9
0.2765924324141088	6.756427341590966e-10	1.7506847888550623e-9
0.2775082980843542	6.794307581843346e-10	1.7644608497772932e-9
0.2784241637545996	6.83222619866269e-10	1.778308183850115e-9
0.279340029424845	6.870182432076699e-10	1.7922269873554775e-9
0.28025589509509036	6.908175521238943e-10	1.8062174562528861e-9
0.2811717607653358	6.946204704444302e-10	1.8202797861679646e-9
0.28208762643558116	6.98426921914473e-10	1.8344141723845692e-9
0.28300349210582654	7.022368301914871e-10	1.848620809875178e-9
0.28391935777607197	7.060501188651242e-10	1.862899893138605e-9
0.28483522344631734	7.098667115163848e-10	1.8772516153936327e-9
0.2857510891165627	7.13686531483552e-10	1.8916761715256473e-9
0.28666695478680815	7.175095021120469e-10	1.9061737549889027e-9
0.2875828204570535	7.213355466742034e-10	1.9207445588148754e-9
0.2884986861272989	7.251645883713151e-10	1.9353887755967094e-9
0.28941455179754433	7.289965503353817e-10	1.95010659747689e-9
0.2903304174677897	7.328313556296872e-10	1.9648982161440103e-9
0.2912462831380351	7.366689272525843e-10	1.9797638228038725e-9
0.2921621488082805	7.405091881386684e-10	1.9947036081734213e-9
0.2930780144785259	7.443520611606222e-10	2.009717762465969e-9
0.29399388014877126	7.481974690627044e-10	2.024806476231174e-9
0.2949097458190167	7.52045334677868e-10	2.039969937662577e-9
0.29582561148926206	7.558955807066743e-10	2.05520833534907e-9
0.29674147715950744	7.597481297945271e-10	2.07052185733655e-9
0.29765734282975287	7.636029045327785e-10	2.0859106911214396e-9
0.29857320849999824	7.674598274602938e-10	2.101375023639658e-9
0.2994890741702436	7.713188210650941e-10	2.11691504125903e-9
0.30040493984048905	7.751798077854836e-10	2.1325309297712805e-9
0.3013208055107344	7.790427100121011e-10	2.148222874379609e-9
0.3022366711809798	7.829074500915724e-10	2.1639910596708316e-9
0.30315253685122523	7.867739503881627e-10	2.179835668839367e-9
0.3040684025214706	7.906421330884385e-10	2.1957568861512153e-9
0.304984268191716	7.945119204061699e-10	2.211754894386222e-9
0.3059001338619614	7.98383234516913e-10	2.2278298756678856e-9
0.3068159995322068	8.022559975608542e-10	2.2439820114447487e-9
0.30773186520245216	8.061301316416924e-10	2.260211482498026e-9
0.3086477308726976	8.100055588313294e-10	2.2765184689087138e-9
0.30956359654294296	8.138822011710189e-10	2.2929031500495282e-9
0.31047946221318834	8.177599806730753e-10	2.30936570457273e-9
0.31139532788343377	8.216388193224134e-10	2.3259063104022263e-9
0.31231119355367915	8.255186389227783e-10	2.34252514666414e-9
0.3132270592239245	8.293993615870181e-10	2.359222387573179e-9
0.31414292489416995	8.332809092402312e-10	2.37599820865715e-9
0.3150587905644153	8.371632037833455e-10	2.392852784710638e-9
0.3159746562346607	8.410461670957915e-10	2.4097862897763668e-9
0.31689052190490613	8.449297210368305e-10	2.4267988971395536e-9
0.3178063875751515	8.488137874519953e-10	2.443890779278831e-9
0.3187222532453969	8.526982881625981e-10	2.4610621079559965e-9
0.3196381189156423	8.56583144971575e-10	2.478313054171935e-9
0.3205539845858877	8.604682796737569e-10	2.49564378808392e-9
0.32146985025613306	8.64353614434067e-10	2.5130544742363075e-9
0.3223857159263785	8.6823907059294e-10	2.5305452866049125e-9
0.32330158159662387	8.7212456988982e-10	2.5481163931932492e-9
0.32421744726686924	8.760100340728277e-10	2.5657679610076457e-9
0.32513331293711467	8.798953848991275e-10	2.583500156053961e-9
0.32604917860736005	8.83780544125959e-10	2.6013131434097935e-9
0.3269650442776054	8.87665433518445e-10	2.6192070871612147e-9
0.32788090994785085	8.915499748519389e-10	2.63718215038265e-9
0.3287967756180962	8.954340899157574e-10	2.6552384951084426e-9
0.3297126412883416	8.993177005092109e-10	2.673376282371242e-9
0.33062850695858703	9.0320072743702e-10	2.691595684905176e-9
0.3315443726288324	9.07083093685065e-10	2.7098968470832658e-9
0.3324602382990778	9.109647211686835e-10	2.7282799259552153e-9
0.3333761039693232	9.148455318087344e-10	2.7467450776822563e-9
0.3342919696395686	9.187254475359743e-10	2.7652924575152477e-9
0.33520783530981396	9.226043902764977e-10	2.7839222199273806e-9
0.3361237009800594	9.264822819632594e-10	2.802634518529177e-9
0.33703956665030477	9.303590445379138e-10	2.821429506059978e-9
0.33795543232055014	9.34234599950382e-10	2.8403073343986516e-9
0.3388712979907956	9.381088701628335e-10	2.8592681545244377e-9
0.33978716366104095	9.419817791787934e-10	2.878312090806432e-9
0.3407030293312863	9.45853246671611e-10	2.897439321773827e-9
0.34161889500153175	9.497231945237797e-10	2.9166499972603595e-9
0.3425347606717771	9.535915446691929e-10	2.9359442657501597e-9
0.3434506263420225	9.574582191007091e-10	2.955322274289036e-9
0.34436649201226793	9.613231398751984e-10	2.9747841684256144e-9
0.3452823576825133	9.651862291207957e-10	2.99433009213226e-9
0.3461982233527587	9.690474090529778e-10	3.0139601876593477e-9
0.3471140890230041	9.72906601962212e-10	3.033674595627946e-9
0.3480299546932495	9.767637302209368e-10	3.053473454978601e-9
0.34894582036349486	9.806187138552185e-10	3.0733569338334312e-9
0.3498616860337403	9.844714782110565e-10	3.0933251321928162e-9
0.35077755170398567	9.88321946065616e-10	3.113378181926977e-9
0.35169341737423104	9.92170040251489e-10	3.1335162136034196e-9
0.3526092830444765	9.960156836645049e-10	3.1537393564507723e-9
0.35352514871472185	9.998587992508224e-10	3.174047738496881e-9
0.3544410143849672	1.0036993099994166e-9	3.194441486656229e-9
0.35535688005521265	1.0075371389231325e-9	3.214920726912298e-9
0.35627274572545803	1.0113722091477853e-9	3.23548558358893e-9
0.3571886113957034	1.0152044438031336e-9	3.25613618027621e-9
0.35810447706594883	1.0190337675737688e-9	3.276872620220074e-9
0.3590203427361942	1.0228601019283472e-9	3.2976950471475425e-9
0.3599362084064396	1.026683370036126e-9	3.3186035827214506e-9
0.360852074076685	1.0305034950820953e-9	3.3395983477218456e-9
0.3617679397469304	1.0343204003170094e-9	3.3606794616133485e-9
0.36268380541717576	1.038134009080373e-9	3.3818470423436003e-9
0.3635996710874212	1.041944244791715e-9	3.4031012064072235e-9
0.36451553675766657	1.0457510309486007e-9	3.424442068855601e-9
0.36543140242791194	1.0495542911357749e-9	3.4458697432137264e-9
0.3663472680981574	1.053353949068204e-9	3.4673843411136804e-9
0.36726313376840275	1.0571499276884313e-9	3.488985983586756e-9
0.3681789994386481	1.0609421518472311e-9	3.5106747668733617e-9
0.36909486510889356	1.0647305455824193e-9	3.5324507972360248e-9
0.37001073077913893	1.0685150330299087e-9	3.554314179351809e-9
0.3709265964493843	1.0722955383985567e-9	3.5762650165326457e-9
0.37184246211962974	1.0760719859981874e-9	3.598303410491953e-9
0.3727583277898751	1.079844300235237e-9	3.620429461385213e-9
0.3736741934601205	1.083612405614503e-9	3.6426432677958028e-9
0.3745900591303659	1.087376226750483e-9	3.664944926640876e-9
0.3755059248006113	1.0911356883480927e-9	3.6873345333211372e-9
0.37642179047085667	1.0948907173952877e-9	3.7098121536490464e-9
0.3773376561411021	1.0986412363379837e-9	3.732377911519468e-9
0.37825352181134747	1.1023871700902946e-9	3.755031898918904e-9
0.37916938748159285	1.1061284437084675e-9	3.777774205731232e-9
0.3800852531518383	1.1098649824264706e-9	3.800604919411909e-9
0.38100111882208365	1.1135967116687097e-9	3.8235241248576945e-9
0.381916984492329	1.1173235570146592e-9	3.846531904691604e-9
0.38283285016257446	1.121045444220138e-9	3.8696283390696675e-9
0.38374871583281983	1.1247622992266881e-9	3.892813505594242e-9
0.3846645815030652	1.128474048152279e-9	3.916087479412982e-9
0.38558044717331064	1.1321806127051132e-9	3.939450392235192e-9
0.386496312843556	1.1358819245812632e-9	3.9629022469797815e-9
0.3874121785138014	1.1395779107279174e-9	3.9864431075967365e-9
0.3883280441840468	1.1432684982094034e-9	4.010073036399278e-9
0.3892439098542922	1.14695361419735e-9	4.033792094206582e-9
0.39015977552453757	1.1506331859633048e-9	4.057600340456314e-9
0.391075641194783	1.1543071408706076e-9	4.081497833318284e-9
0.39199150686502837	1.1579754063697165e-9	4.105484629770219e-9
0.39290737253527375	1.1616379099936093e-9	4.129560785666137e-9
0.3938232382055192	1.1652945793600024e-9	4.1537263557089855e-9
0.39473910387576455	1.1689453479916675e-9	4.177981318219165e-9
0.3956549695460099	1.1725901370406912e-9	4.202325811513264e-9
0.39657083521625536	1.1762288740243548e-9	4.226759891596594e-9
0.39748670088650073	1.1798614866391947e-9	4.251283612168659e-9
0.3984025665567461	1.1834879027786438e-9	4.2758970244083404e-9
0.39931843222699154	1.1871080505434745e-9	4.3006001768256474e-9
0.4002342978972369	1.1907218582617075e-9	4.325393115040998e-9
0.4011501635674823	1.194329254498544e-9	4.350275881657539e-9
0.4020660292377277	1.1979301680660841e-9	4.3752485161419574e-9
0.4029818949079731	1.201524528025856e-9	4.400311054801e-9
0.40389776057821847	1.2051122585471945e-9	4.425463597622173e-9
0.4048136262484639	1.208693295117438e-9	4.450706097664733e-9
0.4057294919187093	1.2122675679165363e-9	4.476038577000101e-9
0.40664535758895465	1.2158350073215705e-9	4.501461055272399e-9
0.4075612232592001	1.2193955438913561e-9	4.526973549884198e-9
0.40847708892944545	1.222949108343412e-9	4.552576076243001e-9
0.40939295459969083	1.2264956315761067e-9	4.578268647614181e-9
0.41030882026993626	1.2300350446532475e-9	4.6040512752922764e-9
0.41122468594018163	1.2335672787907825e-9	4.629923968744805e-9
0.412140551610427	1.237092265379348e-9	4.655886735428878e-9
0.41305641728067244	1.2406099393495948e-9	4.681939536894324e-9
0.4139722829509178	1.2441202285515474e-9	4.708082427220984e-9
0.4148881486211632	1.2476230646332056e-9	4.734315411207316e-9
0.4158040142914086	1.2511183794573916e-9	4.76063849113351e-9
0.416719879961654	1.2546061050859573e-9	4.7870516668652706e-9
0.41763574563189937	1.2580861738054494e-9	4.813554935604795e-9
0.4185516113021448	1.2615585181420164e-9	4.840148291736884e-9
0.4194674769723902	1.2650230708644696e-9	4.866831726779028e-9
0.42038334264263555	1.2684797649878738e-9	4.893605229331297e-9
0.421299208312881	1.2719285337897826e-9	4.920468784928298e-9
0.42221507398312635	1.275369308935058e-9	4.947422400570783e-9
0.42313093965337173	1.2788020263634798e-9	4.974466027610041e-9
0.42404680532361716	1.2822266202610072e-9	5.0015996407203145e-9
0.42496267099386253	1.2856430250583483e-9	5.028823211742731e-9
0.4258785366641079	1.2890511754293549e-9	5.056136709712577e-9
0.42679440233435334	1.2924510062919987e-9	5.083540100861724e-9
0.4277102680045987	1.2958424528082415e-9	5.111033348631061e-9
0.4286261336748441	1.2992254503847623e-9	5.138616413672312e-9
0.4295419993450895	1.302599934673822e-9	5.166289253845278e-9
0.4304578650153349	1.3059658415767773e-9	5.194051824185183e-9
0.43137373068558027	1.3093231088883211e-9	5.221904055269506e-9
0.4322895963558257	1.312671671131291e-9	5.249845921201885e-9
0.4332054620260711	1.316011464861598e-9	5.277877369834942e-9
0.43412132769631645	1.3193424269182394e-9	5.305998345795432e-9
0.4350371933665619	1.322664494429616e-9	5.334208790411052e-9
0.43595305903680726	1.3259776048196202e-9	5.362508641640073e-9
0.43686892470705263	1.3292816958134355e-9	5.390897834007474e-9
0.43778479037729806	1.3325767054421426e-9	5.4193762985518256e-9
0.43870065604754344	1.3358625720442551e-9	5.447943962804228e-9
0.4396165217177888	1.339139234271318e-9	5.4766007507413144e-9
0.44053238738803424	1.3424066290508464e-9	5.505346609728409e-9
0.4414482530582796	1.345664697998076e-9	5.534181425732808e-9
0.442364118728525	1.3489133808548306e-9	5.5631051101360706e-9
0.4432799843987704	1.3521526176529522e-9	5.592117571093338e-9
0.4441958500690158	1.3553823487071836e-9	5.621218713618209e-9
0.44511171573926117	1.358602514620046e-9	5.6504084395602044e-9
0.4460275814095066	1.3618130562868248e-9	5.679686647579106e-9
0.446943447079752	1.365013914841095e-9	5.7090532336341386e-9
0.44785931274999735	1.3682050317258906e-9	5.7385080903744786e-9
0.4487751784202428	1.3713863486746516e-9	5.768051107307478e-9
0.44969104409048816	1.3745578090358515e-9	5.797682153124898e-9
0.45060690976073353	1.3777193536104522e-9	5.827401131270873e-9
0.45152277543097896	1.3808709249478232e-9	5.857207922727628e-9
0.45243864110122434	1.3840124658986697e-9	5.887102405156129e-9
0.4533545067714697	1.3871439196353533e-9	5.917084452700084e-9
0.45427037244171514	1.3902652296585196e-9	5.947153935910458e-9
0.4551862381119605	1.393376339763145e-9	5.977310722023354e-9
0.4561021037822059	1.3964771941004956e-9	6.007554674402233e-9
0.4570179694524513	1.3995677371667532e-9	6.037885652619908e-9
0.4579338351226967	1.4026479138046184e-9	6.068303512425245e-9
0.4588497007929421	1.4057176697370727e-9	6.098808098708047e-9
0.4597655664631875	1.4087769499516273e-9	6.129399267006406e-9
0.4606814321334329	1.411825700353936e-9	6.160076861451734e-9
0.46159729780367825	1.4148638672298169e-9	6.190840721962746e-9
0.4625131634739237	1.4178913972501088e-9	6.221690684184945e-9
0.46342902914416906	1.420908237475306e-9	6.252626579433081e-9
0.46434489481441443	1.4239143353624466e-9	6.283648234616846e-9
0.46526076048465986	1.4269096387687868e-9	6.314755472196368e-9
0.46617662615490524	1.4298940959553238e-9	6.345948110140058e-9
0.4670924918251506	1.4328676555909294e-9	6.377225961886348e-9
0.46800835749539604	1.4358302658534612e-9	6.408588848403063e-9
0.4689242231656414	1.438781877265695e-9	6.440036560157027e-9
0.4698400888358868	1.441722439791031e-9	6.4715688960696305e-9
0.4707559545061322	1.4446519037941246e-9	6.503185650636244e-9
0.4716718201763776	1.4475702200423737e-9	6.534886613923246e-9
0.472587685846623	1.450477339706298e-9	6.5666715715743615e-9
0.4735035515168684	1.4533732143586956e-9	6.598540304827994e-9
0.4744194171871138	1.4562577959748016e-9	6.630492590525224e-9
0.47533528285735915	1.4591310369325889e-9	6.662528201115729e-9
0.4762511485276046	1.4619928900081697e-9	6.694646904723337e-9
0.47716701419784996	1.4648433053830397e-9	6.726848505522546e-9
0.47808287986809533	1.4676822400660817e-9	6.75913271670729e-9
0.47899874553834076	1.4705096482209481e-9	6.791499290855115e-9
0.47991461120858614	1.4733254843690671e-9	6.823947976799014e-9
0.4808304768788315	1.4761297033836758e-9	6.8564785197129504e-9
0.48174634254907694	1.4789222604758125e-9	6.889090661258603e-9
0.4826622082193223	1.4817031112304597e-9	6.921784139279464e-9
0.4835780738895677	1.484472211572061e-9	6.954558688110384e-9
0.4844939395598131	1.4872295177707127e-9	6.987414038519543e-9
0.4854098052300585	1.4899749864877283e-9	7.020349917234169e-9
0.4863256709003039	1.4927085849254263e-9	7.053365908964839e-9
0.4872415365705493	1.4954302587157425e-9	7.086461891911844e-9
0.4881574022407947	1.4981399649830005e-9	7.119637589947234e-9
0.48907326791104005	1.5008376613902241e-9	7.152892720777516e-9
0.4899891335812855	1.5035233062328992e-9	7.186226994961734e-9
0.49090499925153086	1.5061968584921402e-9	7.219640115309473e-9
0.49182086492177624	1.5088582777357485e-9	7.253131777650594e-9
0.49273673059202167	1.5115075241879478e-9	7.286701670126304e-9
0.49365259626226704	1.5141445587351918e-9	7.32034947306784e-9
0.4945684619325124	1.5167693428423612e-9	7.354074859781247e-9
0.49548432760275785	1.5193818226999783e-9	7.387877713252852e-9
0.4964001932730032	1.5219819794850134e-9	7.421757440933674e-9
0.4973160589432486	1.5245697777439154e-9	7.455713678028323e-9
0.498231924613494	1.5271451824389434e-9	7.489746055226771e-9
0.4991477902837394	1.5297081589449433e-9	7.523854198924261e-9
0.5000636559539848	1.5322586730079942e-9	7.558037731757928e-9
0.5009795216242302	1.5347966906909999e-9	7.592296273234652e-9
0.5018953872944757	1.537322178448678e-9	7.626629439177666e-9
0.5028112529647211	1.5398351030038131e-9	7.661036842925744e-9
0.5037271186349664	1.5423354313780541e-9	7.695518095038061e-9
0.5046429843052118	1.5448231466135205e-9	7.730072587753848e-9
0.5055588499754572	1.547298198256878e-9	7.764700173636802e-9
0.5064747156457026	1.5497605531870496e-9	7.799400469253534e-9
0.507390581315948	1.5522101788134517e-9	7.834173085281826e-9
0.5083064469861934	1.5546470431173557e-9	7.869017625940117e-9
0.5092223126564388	1.5570711146906909e-9	7.903933688457988e-9
0.5101381783266842	1.5594823627706384e-9	7.93892086260253e-9
0.5110540439969296	1.561880757270513e-9	7.973978730256242e-9
0.5119699096671749	1.564266268825485e-9	8.00910686488023e-9
0.5128857753374204	1.56663886874384e-9	8.04430483190064e-9
0.5138016410076658	1.5689985192654269e-9	8.079572323315974e-9
0.5147175066779112	1.5713452044711942e-9	8.11490873157254e-9
0.5156333723481565	1.5736788985588695e-9	8.150313586638834e-9
0.5165492380184019	1.5759995764033156e-9	8.185786410835152e-9
0.5174651036886473	1.578307213489654e-9	8.221326719513146e-9
0.5183809693588928	1.5806017858864755e-9	8.256934021366632e-9
0.5192968350291381	1.5828832702427265e-9	8.292607818520317e-9
0.5202127006993835	1.5851516437683804e-9	8.328347606757038e-9
0.5211285663696289	1.5874068842291753e-9	8.36415287561025e-9
0.5220444320398743	1.5896489699436743e-9	8.400023108407933e-9
0.5229602977101196	1.5918778830025107e-9	8.435957737602372e-9
0.5238761633803651	1.5940935991084913e-9	8.471956285682417e-9
0.5247920290506105	1.5962960980009278e-9	8.508018220660899e-9
0.5257078947208559	1.5984853600076398e-9	8.54414300386321e-9
0.5266237603911013	1.6006613660546165e-9	8.580330089803857e-9
0.5275396260613466	1.6028240976691373e-9	8.61657892612314e-9
0.528455491731592	1.6049735369929809e-9	8.652888953431797e-9
0.5293713574018375	1.6071096667918263e-9	8.689259605191434e-9
0.5302872230720829	1.6092324705053169e-9	8.725690307224543e-9
0.5312030887423282	1.611341932115495e-9	8.762180478879871e-9
0.5321189544125736	1.613438035784504e-9	8.798729538727809e-9
0.533034820082819	1.6155207674378175e-9	8.835336882474924e-9
0.5339506857530644	1.6175901130174863e-9	8.872001906665465e-9
0.5348665514233099	1.6196460594514758e-9	8.90872399723047e-9
0.5357824170935552	1.6216885942219554e-9	8.945502533392818e-9
0.5366982827638006	1.6237177054114742e-9	8.982336887219906e-9
0.537614148434046	1.625733381881962e-9	9.019226421959601e-9
0.5385300141042914	1.6277356127169147e-9	9.05617049710781e-9
0.5394458797745367	1.629724387838501e-9	9.09316846274229e-9
0.5403617454447822	1.6316996978880404e-9	9.130219660579557e-9
0.5412776111150276	1.633661534345603e-9	9.167323422021087e-9
0.542193476785273	1.635609889245348e-9	9.204479073314316e-9
0.5431093424555183	1.637544755454082e-9	9.241685930308498e-9
0.5440252081257637	1.639466126556197e-9	9.278943300348872e-9
0.5449410737960091	1.6413739968431034e-9	9.316250482333848e-9
0.5458569394662546	1.643268361488957e-9	9.353606765061331e-9
0.5467728051365	1.6451492162978869e-9	9.391011429506307e-9
0.5476886708067453	1.6470165578346758e-9	9.4284637475812e-9
0.5486045364769907	1.6488703833349757e-9	9.46596298291853e-9
0.5495204021472361	1.6507106905409378e-9	9.503508392340171e-9
0.5504362678174815	1.6525374787609305e-9	9.541099212871079e-9
0.5513521334877269	1.6543507466683018e-9	9.578734691994489e-9
0.5522679991579723	1.6561504945617315e-9	9.616414056504886e-9
0.5531838648282177	1.6579367236621635e-9	9.654136522332643e-9
0.5540997304984631	1.6597094359337894e-9	9.69190129614182e-9
0.5550155961687084	1.6614686341360221e-9	9.729707574801029e-9
0.5559314618389538	1.663214321873608e-9	9.76755454487182e-9
0.5568473275091993	1.6649465035593431e-9	9.805441382904874e-9
0.5577631931794447	1.666665184400001e-9	9.84336725552459e-9
0.55867905884969	1.6683703705301226e-9	9.881331318143053e-9
0.5595949245199354	1.6700620692041454e-9	9.919332710170822e-9
0.5605107901901808	1.6717402873493375e-9	9.95737057770771e-9
0.5614266558604262	1.6734050334554501e-9	9.99544404643696e-9
0.5623425215306717	1.6750563168290508e-9	1.0033552231652854e-8
0.563258387200917	1.6766941480426086e-9	1.0071694234047964e-8
0.5641742528711624	1.6783185384042794e-9	1.0109869144590998e-8
0.5650901185414078	1.6799295001075914e-9	1.0148076043102741e-8
0.5660059842116532	1.6815270462106746e-9	1.0186313998416363e-8
0.5669218498818985	1.6831111905935334e-9	1.0224582068747515e-8
0.567837715552144	1.684681948022942e-9	1.0262879301109342e-8
0.5687535812223894	1.6862393266040037e-9	1.0301204839719858e-8
0.5696694468926348	1.6877833515071855e-9	1.0339557585090415e-8
0.5705853125628801	1.6893140405129585e-9	1.037793654472701e-8
0.5715011782331255	1.6908314122708038e-9	1.0416340715564116e-8
0.5724170439033709	1.6923354861309098e-9	1.0454769085594257e-8
0.5733329095736164	1.6938262825042553e-9	1.0493220630542403e-8
0.5742487752438618	1.695303822510243e-9	1.0531694317175178e-8
0.5751646409141071	1.6967681279611093e-9	1.0570189103447383e-8
0.5760805065843525	1.6982192214167796e-9	1.0608703937970089e-8
0.5769963722545979	1.699657126070002e-9	1.064723776095931e-8
0.5779122379248433	1.7010818808243709e-9	1.0685789287192812e-8
0.5788281035950887	1.7024934933597829e-9	1.0724357683795736e-8
0.5797439692653341	1.7038919882825238e-9	1.0762941874848342e-8
0.5806598349355795	1.7052773910564011e-9	1.0801540772510506e-8
0.5815757006058249	1.7066497284240796e-9	1.0840153272783914e-8
0.5824915662760702	1.7080090281193306e-9	1.0878778257958952e-8
0.5834074319463156	1.7093553196205133e-9	1.0917414589291096e-8
0.5843232976165611	1.7106886336784462e-9	1.0956061111226697e-8
0.5852391632868065	1.712009002044465e-9	1.0994716653784037e-8
0.5861550289570518	1.7133164580164498e-9	1.1033380027344107e-8
0.5870708946272972	1.7146110193225462e-9	1.1072050263884849e-8
0.5879867602975426	1.7158927389618802e-9	1.1110725886012976e-8
0.588902625967788	1.7171616542861602e-9	1.1149405644857253e-8
0.5898184916380335	1.7184178038782928e-9	1.1188088275642974e-8
0.5907343573082788	1.7196612281953518e-9	1.122677249171658e-8
0.5916502229785242	1.720891968239134e-9	1.126545699721079e-8
0.5925660886487696	1.7221100661575821e-9	1.1304140481432009e-8
0.593481954319015	1.7233155643858763e-9	1.1342821627056324e-8
0.5943978199892603	1.7245085061592867e-9	1.1381499105313499e-8
0.5953136856595058	1.7256889359288756e-9	1.1420171571972451e-8
0.5962295513297512	1.7268569120624967e-9	1.1458837478685158e-8
0.5971454169999966	1.7280124665115525e-9	1.1497495669903928e-8
0.598061282670242	1.7291556461538725e-9	1.1536144770843316e-8
0.5989771483404873	1.7302864990443677e-9	1.1574783390465377e-8
0.5998930140107327	1.7314050743191882e-9	1.1613410122164795e-8
0.6008088796809782	1.7325114220304872e-9	1.165202354513986e-8
0.6017247453512236	1.7336055936536166e-9	1.169062221936857e-8
0.6026406110214689	1.7346876419341745e-9	1.1729204686890676e-8
0.6035564766917143	1.7357576210592947e-9	1.1767769470015463e-8
0.6044723423619597	1.7368155865462403e-9	1.1806315072343962e-8
0.605388208032205	1.7378615786477763e-9	1.1844840223896892e-8
0.6063040737024505	1.7388956745302474e-9	1.1883343109817641e-8
0.6072199393726959	1.739917934880707e-9	1.19218221600044e-8
0.6081358050429413	1.7409284213690843e-9	1.1960275789812577e-8
0.6090516707131867	1.7419271967899802e-9	1.1998702398807644e-8
0.609967536383432	1.742914324759383e-9	1.2037100373753896e-8
0.6108834020536774	1.743889869771178e-9	1.2075468088122491e-8
0.6117992677239229	1.74485389751159e-9	1.2113803899080727e-8
0.6127151333941683	1.7458064745015851e-9	1.2152106150904436e-8
0.6136309990644137	1.7467476690514633e-9	1.2190373165588215e-8
0.614546864734659	1.7476775732491694e-9	1.2228602909701248e-8
0.6154627304049044	1.748596230868812e-9	1.226679406997001e-8
0.6163785960751498	1.749503711521955e-9	1.2304944947898241e-8
0.6172944617453953	1.750400085722784e-9	1.234305382897585e-8
0.6182103274156406	1.7512854258623733e-9	1.2381118972825102e-8
0.619126193085886	1.7521598057373638e-9	1.2419138617334165e-8
0.6200420587561314	1.7530233016107182e-9	1.2457110968013001e-8
0.6209579244263768	1.7538759913495415e-9	1.2495034205980769e-8
0.6218737900966221	1.754717954444432e-9	1.253290648748037e-8
0.6227896557668676	1.755549272088915e-9	1.2570725942995471e-8
0.623705521437113	1.7563700026015066e-9	1.260849104273295e-8
0.6246213871073584	1.7571802577530131e-9	1.2646199455726149e-8
0.6255372527776037	1.757980125080789e-9	1.2683849213742964e-8
0.6264531184478491	1.758769694159769e-9	1.2721438320663601e-8
0.6273689841180945	1.7595490560394377e-9	1.2758964758107922e-8
0.62828484978834	1.7603183029760214e-9	1.2796426488171641e-8
0.6292007154585854	1.7610775286054376e-9	1.2833821451834248e-8
0.6301165811288307	1.7618268272501915e-9	1.2871147575780288e-8
0.6310324467990761	1.7625662947898913e-9	1.2908402763930556e-8
0.6319483124693215	1.7632960283521133e-9	1.2945584900334896e-8
0.6328641781395669	1.7640161427314373e-9	1.2982691601709265e-8
0.6337800438098123	1.7647267194851763e-9	1.3019720988250062e-8
0.6346959094800577	1.7654278588962006e-9	1.3056670895298451e-8
0.6356117751503031	1.7661196628622737e-9	1.3093539133043849e-8
0.6365276408205485	1.7668022346222238e-9	1.3130323488842174e-8
0.6374435064907938	1.7674756792040843e-9	1.3167021722464727e-8
0.6383593721610392	1.7681401033025855e-9	1.3203631566954664e-8
0.6392752378312847	1.7687956155233695e-9	1.3240150725893691e-8
0.6401911035015301	1.7694423263156682e-9	1.3276576873740944e-8
0.6411069691717755	1.7700803478675032e-9	1.3312907656588776e-8
0.6420228348420208	1.7707097896608546e-9	1.3349140760941406e-8
0.6429387005122662	1.7713307725945507e-9	1.3385273694800864e-8
0.6438545661825116	1.7719434146465817e-9	1.342130401017931e-8
0.6447704318527571	1.7725478355832635e-9	1.3457229229513023e-8
0.6456862975230024	1.7731441573628765e-9	1.3493046841479029e-8
0.6466021631932478	1.77373250392933e-9	1.352875430283482e-8
0.6475180288634932	1.7743130009848358e-9	1.35643490404765e-8
0.6484338945337386	1.7748857762208166e-9	1.3599828448959362e-8
0.6493497602039839	1.7754509585888574e-9	1.363518989754218e-8
0.6502656258742294	1.776008679269578e-9	1.3670430720438205e-8
0.6511814915444748	1.7765590631417501e-9	1.3705548346184909e-8
0.6520973572147202	1.7771022549774562e-9	1.3740539896223134e-8
0.6530132228849655	1.7776383927681632e-9	1.3775402594241778e-8
0.6539290885552109	1.7781676161907047e-9	1.3810133634100718e-8
0.6548449542254563	1.7786900667801625e-9	1.3844730177989483e-8
0.6557608198957018	1.779205887135547e-9	1.387918936421325e-8
0.6566766855659472	1.7797152220837823e-9	1.3913508295405437e-8
0.6575925512361925	1.7802182181494957e-9	1.3947684043610464e-8
0.6585084169064379	1.7807150244456313e-9	1.3981713641129715e-8
0.6594242825766833	1.7812057919952824e-9	1.4015594086910703e-8
0.6603401482469287	1.7816906913088841e-9	1.4049322071369028e-8
0.6612560139171741	1.7821698567469837e-9	1.4082894844167715e-8
0.6621718795874195	1.7826434431237336e-9	1.4116309328214025e-8
0.6630877452576649	1.7831116079636139e-9	1.4149562402306704e-8
0.6640036109279103	1.7835745109610775e-9	1.4182650905967195e-8
0.6649194765981556	1.7840323151851313e-9	1.4215571626740341e-8
0.665835342268401	1.78448518602211e-9	1.4248321310284457e-8
0.6667512079386465	1.7849332913686929e-9	1.4280896657924221e-8
0.6676670736088919	1.7853768013880625e-9	1.4313294328641102e-8
0.6685829392791373	1.7858158882739562e-9	1.434551094118172e-8
0.6694988049493826	1.7862507037978458e-9	1.4377543433288509e-8
0.670414670619628	1.786681452561634e-9	1.4409387903546788e-8
0.6713305362898734	1.7871083174814075e-9	1.4441040792134543e-8
0.6722464019601189	1.7875314834331638e-9	1.447249850007157e-8
0.6731622676303642	1.7879511376925556e-9	1.450375738471057e-8
0.6740781333006096	1.7883674693038266e-9	1.4534813766047676e-8
0.674993998970855	1.7887806693042176e-9	1.4565663924306982e-8
0.6759098646411004	1.7891909312787388e-9	1.4596304094094872e-8
0.6768257303113457	1.7895984510215846e-9	1.4626730467586262e-8
0.6777415959815912	1.7900034276051279e-9	1.4656939183159412e-8
0.6786574616518366	1.7904060842287273e-9	1.468692598495534e-8
0.679573327322082	1.7908065988594256e-9	1.4716687330666057e-8
0.6804891929923274	1.7912051753294354e-9	1.4746219254992543e-8
0.6814050586625727	1.7916020202538303e-9	1.4775517740374684e-8
0.6823209243328181	1.791997343227358e-9	1.4804578714179678e-8
0.6832367900030636	1.792391356975812e-9	1.4833398046374006e-8
0.684152655673309	1.7927842778150338e-9	1.4861971544050986e-8
0.6850685213435543	1.793176324855261e-9	1.4890294958870042e-8
0.6859843870137997	1.7935677205282103e-9	1.491836398094692e-8
0.6869002526840451	1.793958689716301e-9	1.4946174247276065e-8
0.6878161183542905	1.794349442281464e-9	1.4973721628650624e-8
0.688731984024536	1.794740231160588e-9	1.500100129222822e-8
0.6896478496947813	1.79513129284953e-9	1.5028008660964363e-8
0.6905637153650267	1.7955228671568909e-9	1.5054739094867893e-8
0.6914795810352721	1.7959151968345296e-9	1.508118789446356e-8
0.6923954467055174	1.7963085277722482e-9	1.510735029838648e-8
0.6933113123757628	1.796703108448989e-9	1.5133221488644944e-8
0.6942271780460083	1.797099190724724e-9	1.515879658194338e-8
0.6951430437162537	1.7974970295453454e-9	1.5184070632225314e-8
0.6960589093864991	1.7978968834593087e-9	1.5209038624671442e-8
0.6969747750567444	1.7982990245574038e-9	1.5233695310749563e-8
0.6978906407269898	1.7987037059521408e-9	1.5258035737551323e-8
0.6988065063972352	1.7991111951929048e-9	1.52820547029652e-8
0.6997223720674807	1.7995217631462555e-9	1.5305746935595278e-8
0.700638237737726	1.7999356844118783e-9	1.5329107089544656e-8
0.7015541034079714	1.8003532371980934e-9	1.535212974483314e-8
0.7024699690782168	1.8007747038023049e-9	1.5374809401474422e-8
0.7033858347484622	1.801200370202156e-9	1.5397140482858143e-8
0.7043017004187075	1.8016305262855624e-9	1.5419117332439906e-8
0.705217566088953	1.8020654657286174e-9	1.5440734214157656e-8
0.7061334317591984	1.8025054805837502e-9	1.5461985401964364e-8
0.7070492974294438	1.8029508790690447e-9	1.548286488637096e-8
0.7079651630996892	1.803401967467692e-9	1.5503366672011546e-8
0.7088810287699345	1.8038590562776523e-9	1.5523484676285976e-8
0.7097968944401799	1.804322460119793e-9	1.5543212729445726e-8
0.7107127601104254	1.8047924978480655e-9	1.5562544572521393e-8
0.7116286257806708	1.8052694925327161e-9	1.558147385656467e-8
0.7125444914509161	1.8057537715974164e-9	1.5599994140232917e-8
0.7134603571211615	1.8062456668716174e-9	1.56180988882401e-8
0.7143762227914069	1.8067455146435176e-9	1.5635781469779903e-8
0.7152920884616523	1.8072536547200235e-9	1.565303517362713e-8
0.7162079541318978	1.8077704336910068e-9	1.5669853152981774e-8
0.7171238198021431	1.8082962017166484e-9	1.568622847838191e-8
0.7180396854723885	1.8088313137403932e-9	1.5702154117094907e-8
0.7189555511426339	1.8093761294650746e-9	1.571762293221222e-8
0.7198714168128793	1.8099310134942743e-9	1.5732627679946622e-8
0.7207872824831246	1.8104963352515667e-9	1.5747161009270852e-8
0.7217031481533701	1.8110724692356006e-9	1.57612154579262e-8
0.7226190138236155	1.8116597950483406e-9	1.5774783450820694e-8
0.7235348794938609	1.8122586975874646e-9	1.578785729663738e-8
0.7244507451641062	1.812869565692014e-9	1.5800429209567813e-8
0.7253666108343516	1.813492796519689e-9	1.5812491233958018e-8
0.726282476504597	1.8141287911706155e-9	1.582403531748859e-8
0.7271983421748425	1.8147779561412626e-9	1.5835053284952524e-8
0.7281142078450878	1.8154407036387782e-9	1.5845536833361296e-8
0.7290300735153332	1.816117451575586e-9	1.585547753045428e-8
0.7299459391855786	1.8168086238599628e-9	1.586486680995914e-8
0.730861804855824	1.8175146502966236e-9	1.5873695971029898e-8
0.7317776705260693	1.8182359667330656e-9	1.588195617498034e-8
0.7326935361963148	1.8189730151052464e-9	1.588963844308333e-8
0.7336094018665602	1.819726241024365e-9	1.589673369710488e-8
0.7345252675368056	1.8204961019995566e-9	1.5903232617551914e-8
0.735441133207051	1.8212830592536512e-9	1.5909125782606437e-8
0.7363569988772963	1.8220875805917626e-9	1.59144036178908e-8
0.7372728645475417	1.8229101405218106e-9	1.5919056393218138e-8
0.7381887302177872	1.8237512203323807e-9	1.5923074219751287e-8
0.7391045958880326	1.8246113083768105e-9	1.5926447044838106e-8
0.7400204615582779	1.8254909000203494e-9	1.5929164650479907e-8
0.7409363272285233	1.8263904978537692e-9	1.593121664881692e-8
0.7418521928987687	1.8273106116455083e-9	1.5932592480458267e-8
0.7427680585690141	1.8282517546908702e-9	1.593328147738402e-8
0.7436839242392596	1.829214456367406e-9	1.5933272643744337e-8
0.7445997899095049	1.830199249617957e-9	1.593255487185018e-8
0.7455156555797503	1.8312066754704103e-9	1.593111686326364e-8
0.7464315212499957	1.8322372828365985e-9	1.592894712851664e-8
0.747347386920241	1.833291628823668e-9	1.5926033981079316e-8
0.7482632525904864	1.8343702786034023e-9	1.5922365536152615e-8
0.7491791182607319	1.8354738059008906e-9	1.5917929702496686e-8
0.7500949839309773	1.8366027931066067e-9	1.5912714178348908e-8
0.7510108496012227	1.8377578314584618e-9	1.5906706446517965e-8
0.751926715271468	1.8389395157348936e-9	1.589989386631247e-8
0.7528425809417134	1.8401484617004322e-9	1.5892263363455454e-8
0.7537584466119588	1.8413852885701431e-9	1.588380173773824e-8
0.7546743122822043	1.8426506251871989e-9	1.5874495552739075e-8
0.7555901779524496	1.8439451099472519e-9	1.5864331133375974e-8
0.756506043622695	1.845269391221121e-9	1.5853294557752406e-8
0.7574219092929404	1.8466241269419604e-9	1.584137165829407e-8
0.7583377749631858	1.8480099855720698e-9	1.582854800723265e-8
0.7592536406334311	1.8494276460255894e-9	1.5814808913715277e-8
0.7601695063036766	1.8508777983504507e-9	1.5800139412290244e-8
0.761085371973922	1.8523611334495233e-9	1.5784524442335232e-8
0.7620012376441674	1.8538783751560874e-9	1.5767948269869037e-8
0.7629171033144128	1.855430247598464e-9	1.575039506905336e-8
0.7638329689846581	1.8570174862876757e-9	1.573184872083455e-8
0.7647488346549035	1.8586408386115175e-9	1.571229280295142e-8
0.765664700325149	1.8603010640462235e-9	1.5691710582974197e-8
0.7665805659953944	1.8619989343614876e-9	1.567008501124867e-8
0.7674964316656397	1.8637352340173384e-9	1.5647398711468417e-8
0.7684122973358851	1.865510760306402e-9	1.5623633973979e-8
0.7693281630061305	1.867326324104583e-9	1.5598772741965978e-8
0.7702440286763759	1.8691827432125757e-9	1.5572796726563707e-8
0.7711598943466214	1.8710808632969775e-9	1.5545687022181578e-8
0.7720757600168667	1.873021536813038e-9	1.5517424484762837e-8
0.7729916256871121	1.875005630426488e-9	1.548798959367154e-8
0.7739074913573575	1.8770340257563534e-9	1.5457362437021193e-8
0.7748233570276029	1.8791076195992362e-9	1.5425522702755084e-8
0.7757392226978482	1.8812273248289665e-9	1.5392449661659552e-8
0.7766550883680937	1.883394069977211e-9	1.5358122165448067e-8
0.7775709540383391	1.885608799822602e-9	1.5322518632934044e-8
0.7784868197085845	1.8878724757544768e-9	1.528561703878599e-8
0.7794026853788298	1.8901860496829926e-9	1.5247395393660833e-8
0.7803185510490752	1.8925505479961742e-9	1.5207830180898727e-8
0.7812344167193206	1.894966986326772e-9	1.5166897933534387e-8
0.7821502823895661	1.8974363985725664e-9	1.5124574692340718e-8
0.7830661480598115	1.899959837117603e-9	1.5080835995101147e-8
0.7839820137300568	1.902538373338323e-9	1.5035656862170888e-8
0.7848978794003022	1.9051730977518117e-9	1.4989011785883127e-8
0.7858137450705476	1.9078651208694993e-9	1.494087471125786e-8
0.786729610740793	1.9106155735734844e-9	1.4891219021940264e-8
0.7876454764110384	1.913425607919043e-9	1.4840017520877178e-8
0.7885613420812838	1.9162963751844937e-9	1.478724283806186e-8
0.7894772077515292	1.9192290969342585e-9	1.473286608089197e-8
0.7903930734217746	1.922224993216263e-9	1.4676858182698057e-8
0.7913089390920199	1.9252853072152535e-9	1.461918943088723e-8
0.7922248047622653	1.9284113058989636e-9	1.455982944748453e-8
0.7931406704325108	1.9316042806730982e-9	1.4498747169036615e-8
0.7940565361027562	1.93486554806314e-9	1.4435910825655919e-8
0.7949724017730015	1.938196450461218e-9	1.4371287918735116e-8
0.7958882674432469	1.941598356930939e-9	1.4304845197402964e-8
0.7968041331134923	1.9450726637327274e-9	1.4236548638225826e-8
0.7977199987837377	1.9486207422159224e-9	1.4166364443594378e-8
0.7986358644539832	1.9522441071165875e-9	1.4094255786415152e-8
0.7995517301242285	1.955944245251666e-9	1.402018609983904e-8
0.8004675957944739	1.959722673531132e-9	1.3944117951295488e-8
0.8013834614647193	1.9635809397812566e-9	1.3866013015860698e-8
0.8022993271349647	1.96752062370646e-9	1.3785832047077962e-8
0.80321519280521	1.971543337891671e-9	1.3703534846403319e-8
0.8041310584754555	1.975650728773682e-9	1.3619080232137285e-8
0.8050469241457009	1.9798444778001187e-9	1.353242600515324e-8
0.8059627898159463	1.9841263020049827e-9	1.3443528921570035e-8
0.8068786554861916	1.988497874291335e-9	1.3352346254805416e-8
0.807794521156437	1.9929610809063145e-9	1.3258830709594468e-8
0.8087103868266824	1.997517759160781e-9	1.3162935566613173e-8
0.8096262524969279	2.0021697861263484e-9	1.306461292535132e-8
0.8105421181671733	2.0069190798666e-9	1.2963813664270282e-8
0.8114579838374186	2.0117676008423007e-9	1.2860487397411647e-8
0.812373849507664	2.016717353372335e-9	1.2754582428890836e-8
0.8132897151779094	2.021770387110376e-9	1.2646045705752015e-8
0.8142055808481548	2.0269287986939043e-9	1.2534822767202101e-8
0.8151214465184002	2.0321947329405046e-9	1.2420857699313207e-8
0.8160373121886456	2.0375702381760604e-9	1.23040960365436e-8
0.816953177858891	2.0430577307321775e-9	1.2184475381813107e-8
0.8178690435291364	2.048659520872924e-9	1.2061934920538363e-8
0.8187849091993817	2.0543779726158912e-9	1.1936412188409614e-8
0.8197007748696271	2.0602155055954032e-9	1.1807843010595883e-8
0.8206166405398726	2.0661745970466967e-9	1.1676161437073406e-8
0.821532506210118	2.072257783954133e-9	1.1541299673480107e-8
0.8224483718803633	2.078467665399226e-9	1.1403188006983527e-8
0.8233642375506087	2.0848069050078687e-9	1.1261754728384158e-8
0.8242801032208541	2.0912782331496924e-9	1.1116926057311989e-8
0.8251959688910995	2.097884176786104e-9	1.096863169872387e-8
0.826111834561345	2.1046279231759023e-9	1.0816786978452011e-8
0.8270277002315903	2.1115124370642206e-9	1.0661311001686878e-8
0.8279435659018357	2.118540757570704e-9	1.0502120510696632e-8
0.8288594315720811	2.125716001027793e-9	1.033912978989743e-8
0.8297752972423265	2.1330413640334888e-9	1.0172250564002788e-8
0.8306911629125718	2.140520126807782e-9	1.0001391887998308e-8
0.8316070285828173	2.1481556568844154e-9	9.826460028415051e-9
0.8325228942530627	2.155951412996394e-9	9.647358337633079e-9
0.8334387599233081	2.163910948446091e-9	9.463987135565255e-9
0.8343546255935534	2.172037362094958e-9	9.27625532138317e-9
0.8352704912637988	2.18033504878735e-9	9.084043210431897e-9
0.8361863569340442	2.188807907602238e-9	8.887240388961279e-9
0.8371022226042897	2.1974599427970423e-9	8.685732967232825e-9
0.8380180882745351	2.2062952682950694e-9	8.479403425811531e-9
0.8389339539447804	2.2153181125473534e-9	8.268130449086056e-9
0.8398498196150258	2.22453282396881e-9	8.051788743161719e-9
0.8407656852852712	2.233943877093757e-9	7.830248835943833e-9
0.8416815509555166	2.2435558790343828e-9	7.603376864740137e-9
0.842597416625762	2.2533735750269855e-9	7.371034378801087e-9
0.8435132822960074	2.263400684115592e-9	7.1331037165721815e-9
0.8444291479662528	2.273643603085171e-9	6.889407081812611e-9
0.8453450136364982	2.2841076110850684e-9	6.639789096791107e-9
0.8462608793067435	2.2947981399293343e-9	6.384089103498798e-9
0.8471767449769889	2.3057207815398608e-9	6.122140902487113e-9
0.8480926106472344	2.31688129631707e-9	5.853772463408829e-9
0.8490084763174798	2.3282856225867633e-9	5.5788056047720835e-9
0.8499243419877252	2.3399398872040404e-9	5.297055641281796e-9
0.8508402076579705	2.351850417393578e-9	5.00833099711788e-9
0.8517560733282159	2.3640237484531315e-9	4.7124328868351874e-9
0.8526719389984613	2.3764638539438572e-9	4.4092177249314155e-9
0.8535878046687068	2.389180942955858e-9	4.098398737169587e-9
0.8545036703389521	2.4021824366449784e-9	3.779748625318956e-9
0.8554195360091975	2.4154759821758158e-9	3.453031805710825e-9
0.8563354016794429	2.429069465458876e-9	3.118003947183919e-9
0.8572512673496883	2.442971026218026e-9	2.7744114419376577e-9
0.8581671330199336	2.457189074741385e-9	2.4219908172972777e-9
0.8590829986901791	2.471732312424488e-9	2.060468057289288e-9
0.8599988643604245	2.4866097543292287e-9	1.6895578576465174e-9
0.8609147300306699	2.501830741619568e-9	1.3089630642638904e-9
0.8618305957009152	2.517397506255671e-9	9.185484367517256e-10
0.8627464613711606	2.5333287432156474e-9	5.177899510589055e-10
0.863662327041406	2.549635410571399e-9	1.0633798887139739e-10
0.8645781927116515	2.566328798642635e-9	-3.1617039024256594e-10
0.8654940583818969	2.58342055287282e-9	-7.50112307956645e-10
0.8664099240521422	2.600922703822787e-9	-1.1958801143685177e-9
0.8673257897223876	2.6188476983742865e-9	-1.6538825401741244e-9
0.868241655392633	2.6372084443363015e-9	-2.124546135750967e-9
0.8691575210628784	2.6560183571404133e-9	-2.6083168361004062e-9
0.8700733867331238	2.6752913817082005e-9	-3.1056609998199676e-9
0.8709892524033692	2.6950185762533664e-9	-3.6164952605694903e-9
0.8719051180736146	2.715242227027641e-9	-4.141988646440917e-9
0.87282098374386	2.735979707751915e-9	-4.682718261811859e-9
0.8737368494141053	2.7572488262548985e-9	-5.239282331507296e-9
0.8746527150843507	2.779067870248198e-9	-5.812301901923077e-9
0.8755685807545962	2.8014556698748206e-9	-6.402423037726999e-9
0.8764844464248416	2.8244316703305576e-9	-7.01031942300582e-9
0.877400312095087	2.848016033260578e-9	-7.636695663734292e-9
0.8783161777653323	2.872229752668976e-9	-8.282291089819044e-9
0.8792320434355777	2.8970946720559974e-9	-8.947881234416299e-9
0.8801479091058231	2.922539066538373e-9	-9.631868141872916e-9
0.8810637747760686	2.94869607291925e-9	-1.0337878807087817e-8
0.8819796404463139	2.9755969573676715e-9	-1.1066986555124868e-8
0.8828955061165593	3.003273079170777e-9	-1.182028996820659e-8
0.8838113717868047	3.031755969640717e-9	-1.2598915823637623e-8
0.8847272374570501	3.0610774742080196e-9	-1.3404023889947707e-8
0.8856431031272954	3.0912699502189748e-9	-1.4236813512812421e-8
0.8865589687975409	3.1223665362272467e-9	-1.5098532297318145e-8
0.8874748344677863	3.154401509555501e-9	-1.5990487224216195e-8
0.8883907001380317	3.1874107008417374e-9	-1.6914057771157172e-8
0.889306565808277	3.2214319030753234e-9	-1.787071008242811e-8
0.8902224314785224	3.2565054384451667e-9	-1.8862014914108472e-8
0.8911382971487678	3.292674732824853e-9	-1.9889667006734075e-8
0.8920541628190133	3.329986904806392e-9	-2.0955506054574906e-8
0.8929700284892587	3.3684934210177073e-9	-2.2061540201761665e-8
0.893885894159504	3.408250834923742e-9	-2.3209972458957856e-8
0.8948017598297494	3.4493215585963735e-9	-2.4403229307122064e-8
0.8957176254999948	3.4917744610733283e-9	-2.564398805738772e-8
0.8966334911702402	3.5356858018351925e-9	-2.6935211665361295e-8
0.8975493568404856	3.5811400336588492e-9	-2.8280183275966088e-8
0.898465222510731	3.628230515201392e-9	-2.9682541201517193e-8
0.8993810881809764	3.6770602829186544e-9	-3.1146316991253476e-8
0.9002969538512218	3.7277429379031075e-9	-3.2675977738325166e-8
0.9012128195214671	3.780403541810066e-9	-3.427647096774734e-8
0.9021286851917125	3.835178756583012e-9	-3.595325851273802e-8
0.903044550861958	3.892218025091194e-9	-3.771237132813476e-8
0.9039604165322034	3.951684208086523e-9	-3.9560457473898246e-8
0.9048762822024488	4.0137538114372515e-9	-4.150482536093791e-8
0.9057921478726941	4.07861718612388e-9	-4.355348905432186e-8
0.9067080135429395	4.146479306930777e-9	-4.5715227043807306e-8
0.9076238792131849	4.21756049031804e-9	-4.799964316602983e-8
0.9085397448834304	4.292094042839794e-9	-5.041717231879293e-8
0.9094556105536757	4.370327882880255e-9	-5.297916275970816e-8
0.9103714762239211	4.452523883071722e-9	-5.569791825928191e-8
0.9112873418941665	4.5389571460243406e-9	-5.8586740505108766e-8
0.9122032075644119	4.629914982418391e-9	-6.165996672079736e-8
0.9131190732346572	4.725695427821892e-9	-6.493299826412072e-8
0.9140349389049027	4.826605184580187e-9	-6.842231644934188e-8
0.9149508045751481	4.9329568537127734e-9	-7.21454808593214e-8
0.9158666702453935	5.045065297857301e-9	-7.612110424150245e-8